Generated DFS Traversal of airport IDs: 
14109
14108
14106
14105
14103
14100
14099
14097
14096
14095
14093
14091
14090
14089
14086
14085
14084
14083
14082
14079
14075
14074
14073
14072
14069
14068
14067
14066
14065
14061
14060
14058
14057
14053
14049
14047
14046
14044
14043
14042
14041
14040
14038
14035
14033
14032
14030
14029
14028
14024
14023
14022
14019
14018
14014
14013
14012
14010
14009
14007
14006
14005
14004
14003
14002
14015
14000
13995
13994
13992
13991
13990
13989
13988
13986
13983
13982
13978
13977
13976
13974
13973
13972
13971
13970
13968
13966
13965
13964
13962
13961
13960
13959
13957
13955
13954
13953
13948
13946
13944
13941
13939
13938
13937
13936
13932
13930
13928
13927
13925
13923
13922
13921
13920
13918
13917
13914
13908
13905
13901
13898
13896
13894
13892
13891
13889
13887
13885
13883
13882
13881
13878
13876
13873
13872
13871
13870
13866
13863
13862
13861
13859
13856
13855
13853
13851
13849
13843
13841
13840
13839
13838
13836
13835
13834
13833
13831
13829
13828
13827
13825
13822
13821
13819
13815
13813
13811
13810
13806
13805
13804
13803
13802
13801
13798
13797
13796
13794
13792
13791
13790
13789
13787
13785
13784
13780
13776
13775
13773
13769
13768
13767
13764
13762
13761
13760
14016
13758
13748
13745
13743
13741
13740
13739
13736
13735
13732
13731
13729
13727
13725
13723
13722
13721
13720
13718
13717
13715
13714
13713
13710
13708
13707
13704
13700
13698
13697
13695
13692
13690
13689
13688
13687
13685
13684
13683
13678
13677
13675
13673
13672
13669
13668
13666
13665
13664
13663
13662
13660
13658
13657
13655
13653
13652
13651
13649
13646
13645
13643
13641
13640
13639
13635
13634
13632
13627
13625
13624
13620
13618
13616
13613
13610
13609
13608
13607
13606
13602
13599
13596
13595
13592
13590
13587
13583
13581
13578
13576
13575
13574
13573
13572
13571
13915
13569
13568
13566
13564
13562
13561
14031
13559
13554
13553
13552
13551
13548
13547
13546
13545
13544
13543
13539
13536
13535
13533
13529
13528
13527
13523
13521
13519
13518
13517
13513
13511
13509
13508
13507
13506
13505
13504
13502
13629
13501
13498
13497
13495
13494
13491
13489
13488
13486
13485
13483
13482
13479
13478
13477
13476
13475
13472
13469
13468
13467
13466
13464
13461
13458
13455
13454
13452
13451
13450
13449
13448
13447
13446
13445
13444
13443
13442
13440
13439
13437
13436
13435
13433
13431
13428
13425
13422
13419
13418
13416
13415
13412
13410
13408
13406
13404
13398
13397
13395
13394
13392
13385
13383
13382
13380
13379
13374
13373
13371
13370
13367
13366
13365
13363
13362
13359
13358
13355
13354
13353
13351
13348
13650
13347
13515
13346
13345
13341
13384
13340
13338
13336
13335
13334
13332
13331
13330
13326
13319
13337
13318
13313
13312
13310
13305
13304
13302
13301
13299
13298
13296
13295
13291
13290
13287
13286
13282
13280
13276
13275
13274
13273
13270
13268
13266
13263
13262
13589
13261
13260
13259
14078
13257
13256
13255
13253
13251
13250
13249
14052
13245
13243
13242
13241
13238
13364
13237
13236
13234
13233
13232
13231
13230
13229
13227
13224
13222
13221
13220
13218
13216
13215
13214
13213
13211
13210
13207
13204
13203
13201
13200
13198
13197
13195
13194
13191
13190
13189
13187
13186
13185
13181
13179
13177
13176
13175
13173
13172
13171
13169
13168
13167
13166
13164
13161
13159
13158
13157
13152
13151
13149
13557
13148
13147
13146
13145
13143
13142
13141
13140
13139
13136
13131
13130
13129
13128
13126
13122
13119
13117
13115
13112
13110
13108
13107
13104
13103
13100
13099
13098
13095
13094
13085
13082
13081
13080
13079
13077
13073
13072
13071
13068
13067
13066
13064
13063
13062
13057
13055
13054
13053
13742
13052
13051
13049
13048
13046
13045
13044
13043
13042
13041
13040
13039
13035
13034
13031
13030
13029
13025
13022
13679
13369
13021
13020
13018
13016
13014
13013
13012
13010
13007
13006
13004
13003
13002
13000
12999
12998
12996
12995
12994
13180
12992
12990
12989
12988
12987
12986
12985
12984
12983
12982
12980
12979
12977
12976
13499
12975
12974
12972
12970
12968
12967
12964
12962
12956
12954
12953
13368
12952
12948
12947
12946
12945
12944
12942
12941
12940
12939
12936
12930
13037
12928
12927
12924
12923
12922
12921
12919
12918
12916
12915
12914
12912
12911
12910
12909
12905
12904
12901
12900
12899
12897
12893
12892
12891
12890
12887
12886
12885
12883
12881
12880
12878
12875
12874
12872
12871
12870
12869
12868
12866
12865
12863
12862
12861
12860
12859
12858
12855
12854
12853
12852
12848
12847
12845
12844
12843
12841
12837
12835
12834
12832
12831
12830
12828
12825
12821
12819
12818
12815
12810
12809
13897
12806
13162
12803
12802
12801
12800
13391
12799
12798
13027
12797
12795
12794
12793
12792
12791
12790
12789
12788
12787
12786
12783
13693
12782
12781
12779
12778
12777
12775
12773
12771
12770
12769
12768
12767
12763
12761
12760
12759
12758
12757
13114
12756
12753
12749
12748
12884
12747
12745
12742
12741
12739
12738
12734
12731
12730
12728
12726
12725
12724
12723
12722
12720
12719
12718
12717
12716
12715
13154
12713
12711
12709
12707
12704
12703
12698
12696
12695
12689
12688
12686
12685
12683
12682
12680
12679
12678
12675
12673
12671
12670
12669
12668
12667
12666
12663
12662
12661
12660
12656
12651
12649
12648
12647
12645
12644
12643
12642
12867
12641
12639
12638
12637
12633
12632
12628
12626
12625
12624
12623
12621
12618
12615
13899
12610
12607
12602
12600
12599
13432
12619
12598
12596
12595
12594
12592
12591
12590
12589
12588
12587
12583
12580
12579
12578
12575
12574
12573
12572
12570
12569
12567
12566
12564
12562
12560
12557
12556
12555
12552
12550
12549
12546
12544
12543
12542
12540
12539
13605
12538
12535
12532
13525
12530
12529
12527
12526
12525
12524
12523
12522
12521
12520
12518
12517
12515
12512
12511
12510
12509
12508
12507
12505
12503
12502
12500
12499
12498
12497
12496
12495
12494
12493
12490
12488
12487
12486
12485
12484
12483
12482
12480
13155
12478
12476
12475
12473
12471
12470
12469
12468
12464
12463
12461
12460
12459
12458
12452
12451
12449
12448
12444
12442
12440
12439
12438
12437
12435
12433
12431
12427
12426
12425
12424
12423
12421
12420
12417
12416
12413
12411
12409
12824
12408
12406
12405
12403
12400
13534
12395
12394
13830
12938
12393
12391
12389
12388
12385
12383
12382
12381
13399
12380
12379
12378
12377
12375
12372
12371
12370
12366
12365
12364
12362
12360
12359
12356
12353
12351
12349
12348
12347
13091
12346
12345
12343
12342
12341
13538
12340
12339
12338
12337
12334
12333
12332
12330
12329
12326
12324
12323
12322
12319
12318
12317
12316
12879
12315
12314
12313
12991
12312
12876
12311
12310
12308
12307
12306
12304
12303
12301
12300
12298
12297
12295
12293
12292
12290
12289
12288
12287
12284
12283
12279
12278
12277
12273
12271
12270
12268
12266
12265
12264
12263
13308
12262
12260
12258
12257
12255
12253
12252
12250
12249
12248
12247
12244
12243
12242
12241
12240
12238
12236
12235
12234
12228
13751
12227
12226
12225
12224
12219
12218
12634
12216
12215
12213
12212
12211
12210
12208
12205
12204
12203
12202
12201
12199
12198
14092
12195
12193
12190
12189
12187
12185
12184
12182
12181
12178
12177
12176
12175
12174
12169
12168
12167
12164
12162
13604
12161
12160
12159
12158
12156
12155
13311
12154
12817
12153
12152
12148
12147
12146
12144
12143
12142
12141
13520
12140
12138
12136
12135
12133
12132
12129
12128
12127
12126
12125
12850
12124
12122
12120
12119
12118
12117
12116
12115
12114
12113
12110
12108
12106
12104
12103
12101
12100
12099
12097
12096
12095
12094
12093
12091
12090
12088
12087
12085
12467
12084
12083
12082
12081
13135
12079
12078
12077
12075
12073
12070
12067
12066
12064
12063
12838
12061
12059
12057
12055
12054
12052
12050
12049
13267
12048
12047
12045
12043
12042
12041
12040
12039
12038
12037
12036
12035
12034
13933
12033
12032
12031
12030
12027
13777
12025
12024
12023
12022
12019
12018
12016
12014
12013
12011
13316
12010
12009
12833
12008
12007
12005
12004
12002
11999
11995
11994
11993
11992
11991
11990
11985
11982
11980
11978
11974
11971
11970
11967
11966
11965
11963
11962
11960
11957
14001
11954
11953
11952
12209
11951
11950
11943
11942
11941
11938
11936
11935
11934
11933
13522
11932
13272
11930
13496
11929
11927
11926
11925
11924
11923
11922
2359
2294
2287
3885
2194
1524
1657
1550
478
1738
492
1561
2945
1246
2944
3959
2948
6156
4274
4352
2992
6143
2975
6137
4111
4078
2974
4297
4374
2938
2935
2985
7447
469
1551
1511
1515
1539
1663
1229
1652
585
1460
352
1056
1264
1512
1435
1706
1678
1741
340
1473
345
4330
3989
687
737
698
714
5952
346
1103
5674
1106
1105
1102
580
508
599
1701
1728
1682
2988
1489
1486
1739
664
665
662
644
5585
5586
4345
643
647
651
609
1423
393
3998
488
1452
415
413
6737
734
502
1743
302
337
16
421
2939
7863
4029
2934
2932
2927
3077
3125
2191
2221
5951
2206
193
87
184
49
175
178
119
156
1840
1847
1855
3484
3446
1821
3550
4356
3682
3447
6989
3690
3678
3536
3747
1815
1852
1842
3826
1824
3494
3566
3585
3533
3570
3793
3486
3646
4014
3462
3626
3714
2899
6079
2883
2877
2903
2890
1761
3576
1925
4314
1926
3830
166
3877
3855
3670
3453
1804
1854
1839
1830
1853
1825
1846
3621
3560
3502
3559
3673
3520
3469
3867
3817
3734
3577
3849
3722
3857
3448
3458
4019
3731
3689
3644
3751
7068
4341
5733
5748
4338
5723
3712
3858
5721
5761
3491
3759
3876
2560
1636
1382
1075
1638
491
1197
534
679
699
1205
1208
1206
1202
1200
548
1194
355
1737
708
668
645
636
663
4328
4327
4325
5588
646
4350
637
5589
649
653
632
4326
4252
5587
5580
5584
635
5582
5583
5581
652
631
641
1212
521
520
472
467
1626
552
481
4347
5572
499
503
1676
1613
287
1218
1219
146
1354
1520
1418
1606
351
11051
3153
3024
3406
6366
3388
6430
3369
2276
6386
3395
3199
6195
3120
3118
3116
3205
4155
6190
6191
3204
4157
3239
3237
3213
3222
3224
3232
3382
3396
3393
3931
3177
3161
3179
3351
3353
6315
3349
3940
3919
3304
2219
2176
6776
2072
1136
1127
1128
5702
1175
2074
7453
2082
1132
507
2397
3266
6216
3265
6769
6215
5855
6220
4056
3269
4141
3271
3920
3240
3260
3257
3261
3250
3928
3308
3299
3316
3390
2268
2278
2275
3376
9846
3379
6391
4108
4033
3930
3387
6355
6384
3371
6390
3992
2288
3942
2312
2384
2388
2327
3121
3196
6392
4144
3377
3364
2937
2983
2968
2990
2913
2912
3380
2279
2005
1968
1960
5
5437
5436
6
2
5430
5435
3322
2006
2041
2007
2042
2030
2009
2034
2031
2029
2028
2024
2015
3361
6317
6249
6793
6294
6302
3339
6303
3341
6334
6298
6241
3358
6253
4051
6256
6312
6311
3346
3355
3321
4320
4291
3320
1969
3728
2249
2251
2255
2254
2246
2258
2256
2244
2243
2372
2430
4140
4206
2422
2433
2429
2402
4090
2404
6013
4201
2400
2423
4204
4203
4200
4199
2425
6016
6012
2401
2426
6974
6387
3368
8826
4380
6347
10940
3374
8876
3400
2933
7479
8782
7478
6944
3404
6772
3383
2370
2305
2387
2390
2304
2313
2295
2297
2334
2333
2346
2307
6476
3943
2347
2326
2322
2330
2281
4381
5997
2332
2344
2341
2340
2308
2310
5999
2345
2316
2280
3370
6376
6341
6357
4030
3384
6345
10941
8630
4085
3394
6963
6399
3373
6744
3386
6385
3391
4149
6383
3385
3389
3392
3372
3378
4097
6400
3375
6407
3399
6434
11498
6394
4302
4120
6343
6344
6427
6351
4148
6352
6147
2993
2964
2979
2967
6152
2980
2188
2109
2179
3974
3984
3980
3975
4119
4059
1044
1386
1313
1323
1277
304
1569
1190
3941
2960
1198
490
1562
1051
629
1196
1191
1472
1587
1501
1525
1654
1645
680
523
8414
603
1230
514
1715
535
465
669
657
1553
671
666
676
532
541
533
529
5571
5567
5566
5569
5568
5564
530
538
531
3953
3797
2207
2064
2096
2089
2059
2090
3977
3967
1173
1165
1145
1180
1187
1120
5687
1122
5686
5688
1149
1147
5695
6773
7976
7424
5693
1144
5694
1141
5692
1121
1107
2057
3143
2997
6168
3131
3134
7774
3000
3144
916
930
918
943
922
937
933
932
921
924
920
927
923
915
929
912
1177
985
979
5637
988
974
984
977
813
6778
4105
880
1004
1001
1005
799
5604
906
907
5613
910
1038
1043
1020
5652
1042
883
897
898
4161
901
999
900
280
245
886
967
970
1074
1079
1078
1080
1353
286
1665
1399
1273
1320
210
238
231
243
244
236
216
239
237
221
1335
1064
1054
5670
9823
1065
5672
1050
5665
1084
1059
273
9826
6730
260
270
2177
4317
2963
5796
1726
1688
517
495
497
498
1405
547
515
1270
1361
1324
1359
1066
1350
1321
1403
344
1231
350
1609
1225
1216
1055
1214
1253
1057
1052
2851
2858
2864
2853
2846
2852
2850
2824
2897
1871
2771
2699
2650
2621
2545
2613
2612
7364
2578
2633
2528
6039
2537
2569
2531
2619
2564
2602
6477
7384
2555
2539
2599
6069
2596
6040
2632
3988
2559
6034
2610
2604
2522
2590
2556
2597
2623
2616
2572
2526
2773
4304
2856
2860
2830
2821
2868
2848
2854
2895
2896
3878
3622
3645
4023
100
189
1441
73
70
117
1780
3752
1762
2874
6460
4249
2879
2881
1897
1895
1754
1764
5807
1755
5809
1953
1952
1949
5859
1932
1941
1944
1930
1950
1909
1892
1772
1776
1771
4125
1774
1767
2709
2755
2746
1760
2789
2788
2808
2812
2762
7313
7317
2769
4247
2772
2768
2767
2759
2761
6058
6056
2764
2641
2649
2651
2662
4312
2645
2802
2807
2792
2801
2806
2781
2443
2476
2452
2513
2488
2442
2492
2461
2460
2456
8914
2490
2487
2496
579
2647
2665
9774
2656
2664
2667
2642
2497
4061
2495
2509
2501
2508
2517
2512
2454
2467
2441
2439
2474
6777
2440
2469
2816
2470
2491
2455
2458
2471
2477
2796
2785
2804
2809
6066
1885
1881
5848
5844
1867
1869
7895
8204
5958
8206
5957
6783
7962
1865
7901
9758
1866
5955
5840
5842
6731
1889
1887
6732
5847
1879
1884
6945
1863
2745
2688
2680
10792
2683
2697
6046
2673
6045
2715
6047
2749
2739
2729
2731
2724
2753
6053
2711
2726
2710
2714
2743
2716
2742
2706
6051
2722
2671
2678
2670
2672
2690
6750
2708
2713
2748
2554
2618
4209
2638
2543
6037
2576
2548
7382
6073
7367
2637
9771
2562
4214
7376
2584
8240
2518
7369
8239
7532
2629
2538
2586
2581
2544
7380
2524
2607
2609
2549
2551
7399
2533
7398
7372
2628
2624
8256
2630
8258
8247
4092
2622
2568
8259
2566
4215
2595
2547
2550
8238
6038
2786
9768
2787
6067
111
27
192
202
106
7255
94
8217
5503
5473
5474
6789
5485
161
188
5488
5461
5492
7252
5502
125
45
144
121
169
5527
160
141
5524
58
5497
187
132
41
140
55
154
170
152
5509
148
5495
75
40
8225
128
5498
5487
29
147
5534
50
196
4237
4238
155
4239
54
5511
72
136
109
90
112
5463
176
32
69
183
37
68
7277
5526
60
5529
115
67
5479
174
120
143
190
133
177
21
3515
3771
4167
3676
3617
4359
7056
3881
4348
6505
4271
6133
3720
5757
3636
3748
3807
3456
3602
3851
3705
3445
3545
3415
3514
3796
3495
3467
3945
3944
3839
3777
4216
4103
5750
4099
3582
3949
3774
3429
5959
3693
3615
7184
7185
7188
7190
7088
7192
7191
7193
7207
6718
7200
7199
7087
3599
5968
7209
6716
7216
5966
8200
6720
8201
8203
7096
7201
6960
7213
5964
7098
5967
5965
5962
6713
7219
7090
7091
7238
7240
7241
7239
7095
9742
7217
7218
7094
7212
4385
7093
7206
6767
8202
3430
7097
8199
9739
9744
7099
6723
7187
7183
7186
6715
6724
7194
7182
7117
7180
7177
6721
3413
3414
3571
3832
7113
6722
3764
7111
7208
6717
7108
7107
7118
3420
7114
6729
3411
3620
7092
3417
6712
6839
7242
6714
7220
7181
7179
6725
6719
6755
7178
3865
3428
3426
3664
3628
3610
6803
3492
5961
5963
7142
5960
7138
7136
7135
7137
4147
5969
3808
7237
7152
7205
7144
7145
7147
3856
7150
7151
7148
7146
3531
7165
7160
7163
7164
7162
7161
7168
7173
7172
7167
7176
6742
3854
7203
6765
7202
3794
7159
7154
7158
7102
6763
9745
7155
7153
7157
3460
6883
4101
3687
4021
7065
7071
3604
5739
7070
3863
6992
4043
3442
7018
3457
4041
4009
4028
4020
3598
4072
5740
4047
4100
3498
4048
4292
3685
3488
3608
3697
4112
3717
3861
3875
3473
3704
3461
3696
5741
4034
4008
4016
3806
4015
4017
3611
3627
3459
3613
3711
3845
3660
4067
3745
3820
3862
3463
3811
1948
3561
3454
4011
3729
3825
3880
3504
4087
4083
4046
9543
7579
4355
3630
4336
4040
4007
3661
3578
4116
3946
5742
3674
3542
3790
5730
4284
5763
3544
3633
5758
4286
4037
6739
5747
4285
3524
113
63
65
2741
2734
2733
2747
2728
5477
6052
7356
6740
2750
2756
6054
2738
2732
7358
2751
7355
2718
2752
7359
2712
2719
2705
2725
2717
6055
1851
1957
8227
6463
4279
7029
5454
7287
9756
7288
9757
5455
4024
1819
5832
1773
1903
1905
1555
8832
2170
3093
2976
3081
3112
3089
3104
3100
2922
1590
1655
1526
1519
3956
9327
1529
1514
1506
1538
1367
1252
1545
1517
3986
1322
1612
1130
3410
2067
1157
1162
1153
1154
295
5804
5696
293
342
349
4091
353
348
1458
4192
1464
4190
341
1222
726
674
5562
4198
1508
1509
4309
1510
1528
1563
1251
1209
1203
382
1558
1679
608
610
628
607
738
5593
5597
693
728
707
709
711
688
685
721
746
691
1352
537
1227
494
1474
1488
1454
1456
1455
1470
1480
1446
1461
1459
1236
468
625
4166
1070
441
1360
1213
1058
1223
1505
1745
1746
591
1438
4315
1265
1279
373
7821
5557
586
582
1072
458
1633
1639
1629
1634
1627
1625
1628
5793
1617
4322
347
1476
1226
1742
410
5805
5699
1152
5697
4057
338
1534
1531
1662
5673
675
1735
8076
2973
2962
4367
2916
4357
2908
2917
2910
2954
3964
2941
3973
4130
3971
2987
2958
6138
4377
2972
6160
2965
4364
4363
2952
6111
8924
2949
4362
4371
2989
6159
4368
4369
6142
6110
3972
6105
2940
2911
2914
6086
9841
2918
4375
4358
2920
6085
6088
6084
6083
2966
2961
2994
3007
3017
3136
3156
6185
8892
6183
4235
8949
10119
11257
6184
3130
3137
2195
3135
5937
3008
3015
3043
3155
3040
6173
3055
3050
3039
3038
3057
6174
3076
3074
3073
3072
3071
3069
3068
6176
3063
3061
3105
3092
3042
3146
3066
3098
3084
3079
3012
3020
3002
6172
2050
2048
4331
5935
2131
5934
2157
2106
2110
2121
2104
2162
2134
2166
2167
2136
6747
2123
7546
5933
2164
2103
2097
5712
6748
5936
5928
5930
2114
5932
6749
2151
2117
2142
5931
7547
5927
2053
2165
6790
2051
2223
2214
5949
2227
2212
5939
5940
2204
2947
600
1567
1594
1596
1605
8209
6089
6969
893
894
797
865
804
815
800
838
811
881
877
879
951
958
946
948
5632
949
953
959
5630
957
952
960
944
5633
973
820
794
917
994
995
3103
3085
3101
3009
6760
3080
2996
3001
3022
6741
3023
3097
2234
2172
3976
1536
1759
1910
1918
1901
1923
2878
2875
2907
2893
2902
2901
2894
2882
1779
4306
2774
1904
1908
1951
1956
1943
1946
5857
5811
2900
2891
4318
3641
3947
3642
3838
3584
3864
3546
3724
4069
4129
4006
4276
3589
3517
3624
4265
5737
4278
5749
182
56
126
135
4018
5720
5729
4039
3653
4113
3859
4045
4128
6800
5762
3675
4089
3564
3754
3698
3472
2885
3580
6426
2889
2844
7370
2591
2575
2603
2611
2541
8244
2535
4305
2525
2570
2635
298
4162
253
247
246
248
252
5556
1062
1063
249
1094
9824
1097
7373
2577
8180
2587
2615
8237
6735
7395
7394
2521
8242
7383
2582
7407
6036
2631
2658
2657
4075
1986
1983
5889
1978
1990
1975
1985
1977
1971
6926
1992
1995
1994
1989
1991
1959
5865
5864
5862
5861
1958
1972
7456
1993
1981
1979
5890
5891
5892
1987
1984
1980
6072
2861
2833
2870
2835
2822
2849
5659
1053
1243
1220
596
371
1250
772
1462
1646
5794
1468
1479
1448
309
1439
1412
1278
1285
1262
1268
6493
1415
1611
400
1685
5780
1689
339
3987
6753
1691
5798
1696
5802
1723
1724
1694
1693
8266
1721
1729
6782
1722
1692
1699
9044
7490
267
266
264
263
277
276
275
6972
891
890
262
269
268
1081
1082
1371
1409
235
1330
6492
1274
230
209
220
5552
1280
234
5554
5553
224
211
5555
240
233
225
222
1425
362
519
1675
374
1376
5671
1077
888
11230
1026
1028
1037
1035
11290
1040
1031
1036
11229
1033
1032
908
1013
1016
5612
9828
5641
5643
866
976
990
843
840
845
887
827
8492
1018
1186
849
986
1182
1183
5703
1176
9829
9842
3142
3152
3157
3035
3034
3115
3381
7862
6375
4054
4093
3173
3275
3303
3267
3262
3263
6770
3298
3408
3307
3273
3898
3896
3903
3284
3282
3910
3901
3908
6231
3929
3289
3905
3904
6223
3288
6225
3287
8807
8401
3924
3916
3913
6204
3914
3917
3305
3300
4013
3296
6217
3244
3242
3258
3256
6212
11258
3245
9898
3243
3246
3241
3906
3294
3253
3911
3894
3272
3249
3890
3938
4131
3186
3932
3181
4300
6186
4133
3933
3936
3183
3170
3164
4132
3937
3174
3184
3180
3182
4000
3094
3003
2999
3010
5711
3018
3019
9827
1118
5601
1111
1117
1114
1110
1116
1109
1119
1113
1112
7417
5680
7450
5709
1166
5954
2066
2075
2061
2062
2069
5942
2222
5810
3958
630
460
442
522
660
638
733
1647
364
1276
1582
1450
1469
1465
4191
4196
6150
6149
1546
1482
1451
1453
4194
1475
5787
1463
4193
4195
1356
1289
296
1344
1417
1416
1138
1143
1140
3979
3978
8961
2180
8962
2189
2991
2942
6408
6406
3398
6409
6743
6946
4308
6404
3397
7932
6752
6346
6342
3366
6795
6954
6348
8979
6943
6410
9386
6359
2264
2272
2259
6368
6402
6396
9311
6365
6432
11473
7987
8082
4109
6353
7898
6380
6395
6356
6379
6381
6361
6393
5475
8781
9107
2378
2374
2380
2365
6007
2361
7503
6428
9843
9025
7504
8407
6412
6398
6008
6388
6360
7508
7506
6350
6349
10160
6955
4110
6413
6382
9849
6367
7457
8858
4145
4301
6354
6397
6403
7519
6401
2381
6003
6005
4189
6429
6414
2324
9848
3402
6411
8417
2923
2926
6092
2925
9026
6094
2930
6093
6095
8845
2257
1965
4076
1970
2252
6285
6320
3345
6301
3330
6337
6289
3326
3329
6269
3324
6276
9904
6255
6262
6304
6309
6245
3999
6297
6296
6295
6265
3347
4319
6270
6316
3310
3319
4010
6248
6243
6240
6333
6322
3323
6324
7128
6325
6258
6329
4218
6238
3359
1997
5911
4242
5918
5916
5917
5915
5914
5909
5912
5905
5908
5906
5895
5894
5893
6771
5899
5903
5898
5904
5901
5897
5910
5900
5902
4074
5410
5415
7616
5409
7618
5418
5411
5417
5412
6758
5416
7617
5404
5414
6919
5407
5896
4052
3990
6242
2011
4217
3337
6338
6278
6267
3336
3328
6318
3356
6264
3333
3325
3363
6271
6307
6287
3362
6300
1963
1961
5883
5875
5878
5873
5874
5869
5867
4077
4062
3332
6794
6792
2023
2014
2037
4095
2025
2046
2045
2035
2012
2047
2017
2018
6272
6286
6237
6260
6319
6281
3331
3318
4
5423
5984
5422
5432
5419
5979
5980
5424
3
5433
5431
5434
5425
5421
1
5428
5420
5429
5877
5885
2337
6374
7470
7558
6372
6371
6370
6373
2981
6485
6148
6154
6151
6153
2936
6118
8944
6924
2955
9844
6433
8043
9845
6194
6188
6187
4153
6189
2299
2290
2296
5996
6363
6358
2262
3302
9889
9888
3886
3247
3259
8735
3251
3254
9887
9181
6222
3268
6219
6218
3270
3264
6025
6023
6018
6026
6019
2399
6021
2409
3994
6024
6733
4202
6022
2068
8381
2086
2081
2084
5925
8235
2060
2093
2076
5691
5924
6768
1169
5701
4197
2095
5943
2233
6209
3927
6266
7577
6235
9090
6314
3348
6310
9905
6268
4159
4086
6435
6378
6949
6377
7505
7527
7528
3209
3215
3217
3235
3236
6197
3223
6198
9135
4156
6193
4154
4158
3201
4081
4143
4142
6192
8921
9310
5994
7894
6006
9229
3030
6169
7562
356
4264
1836
1850
1856
1783
1800
5538
153
149
28
1238
1247
6756
1242
6757
291
290
1610
1658
1408
299
601
5595
446
634
4349
658
659
4389
1193
540
1588
5591
4160
5577
536
5563
542
5575
1309
1637
1374
3873
4038
5738
3846
3658
3730
3950
5753
8314
3879
4115
3671
3782
6959
4386
3650
4287
7064
6957
3535
5765
6837
3659
4127
5714
3543
4044
3609
5769
3784
3527
6880
6881
3652
3948
3840
3743
7078
7073
4124
6132
4219
3804
5777
7067
7066
6129
5746
3872
7001
4027
4064
3819
7051
5766
4296
3558
4344
3713
4250
4063
6962
3829
4339
7584
3597
5771
3528
3701
4025
5770
6456
5767
4026
7669
5779
5719
6916
4384
5727
5768
4098
3710
3816
1816
1826
1814
1807
1820
1797
1845
1796
1792
1794
1838
1785
1829
1831
1848
3848
3770
3680
3736
4354
3708
3493
3691
3497
3715
3700
3732
3852
3718
3612
3437
4049
3465
3719
3744
3775
4050
4256
3513
3738
5772
3805
5735
5754
3843
5732
5718
3753
4042
5726
4388
79
4117
4012
2884
6788
6814
6080
2888
2898
7062
6958
4169
3694
5724
5751
3596
4261
6135
4114
7059
5722
4058
5734
1937
1934
1802
1810
1837
1834
1828
5837
1822
1858
1813
1789
1795
1786
1793
1818
1798
1808
1801
7076
4263
5760
5736
4022
7074
3824
5744
6825
5728
3591
3665
5774
5716
5776
4335
4273
5715
4255
5725
5773
6130
5759
5756
3739
5775
3749
7122
4088
1835
7081
7121
1817
172
173
179
78
200
7275
9747
30
164
168
5523
8223
6738
5457
34
181
5545
162
127
33
108
198
31
167
122
116
61
199
2202
2217
2203
5941
3129
4183
3122
3127
6180
6179
6182
4188
2270
6098
1584
6734
6114
2956
6146
4365
8775
6162
7003
3965
6166
6125
6165
6141
6122
8774
4353
2957
6164
6119
7563
6124
8740
6106
416
453
462
429
437
455
428
438
430
432
435
448
439
433
743
8
18
15
4248
9
7
5445
5442
5438
5444
5440
5443
5447
3997
3995
5448
5446
10
5449
8628
5439
8208
7642
12
11
6780
5596
5594
5574
310
7459
618
742
619
612
656
655
640
642
6157
6466
2931
6103
8428
6140
6139
5799
5800
6784
9272
9043
6781
6090
9045
9273
5801
1651
1104
5675
722
724
718
715
719
730
703
729
5599
1490
1234
5781
605
1579
6933
2969
6121
11436
4373
6940
6109
1656
1649
1659
2192
3939
4135
3163
2291
2335
2356
3409
2298
5998
2286
6001
2311
2352
2284
6000
2328
2336
11920
11919
11917
11916
11914
11913
11912
13820
11911
11910
11909
11908
11907
11906
11903
11901
11900
11899
11898
11897
11896
11895
11894
11893
11892
11889
11887
13160
11885
11882
11881
11880
11878
11877
11875
11874
11873
13910
11870
11866
11865
11864
11863
11862
11861
11857
11855
11854
11849
11847
11841
11838
11837
11834
13032
11830
11829
11828
11827
11826
11824
11976
11822
11821
12112
11818
11817
11816
11814
11812
11811
11810
11809
11808
12327
11807
11806
11805
11804
11803
11801
11800
11799
11797
11795
11792
11790
11789
13800
11787
11784
11783
13752
12931
11779
11778
11777
11776
11773
13247
11771
11768
11766
11765
12873
11764
11763
11762
11761
11760
11759
11756
13648
11753
11751
11750
11749
11745
11744
11741
11740
11737
11733
11732
11730
11728
11727
11725
11724
11722
11905
11721
11720
11719
11718
11716
6321
3334
1530
13890
4187
807
10196
12376
6305
11188
13807
7468
9884
878
9818
6292
934
11381
13163
13223
593
3654
6899
11383
3033
6032
10237
6280
2216
6273
7644
11650
461
2003
2001
2004
2000
5919
2002
1999
5920
1998
5921
13183
10379
8987
9697
6261
6257
6254
13615
6250
11063
6246
11228
11361
6236
6234
6233
12978
12571
6232
6228
6227
13462
9250
6224
7031
8447
9582
6213
7357
7482
5561
6203
6202
7347
6199
6181
2019
13763
511
11931
10995
6167
10176
6161
10609
6158
10401
8153
7903
566
13864
6123
8995
6117
6116
10060
6107
6104
6099
6096
5839
9335
14098
6081
2813
10731
6068
6063
9507
6061
3649
8360
3789
6049
12363
6869
8301
6523
7403
6196
764
6030
1791
10537
13109
6027
7693
10994
6011
9034
6009
3106
8010
6004
5995
5986
13993
5985
5981
5974
5972
2778
8908
5992
6112
5956
11203
9295
7851
8905
9876
5945
13997
12812
5929
573
966
7543
7701
11532
9920
7607
3478
1673
13749
5790
11071
11073
158
5880
9586
5876
8221
10745
5868
10051
2133
11032
7568
9092
8491
5850
11611
13474
9707
5836
5835
6865
5441
5831
5828
7672
13269
10384
5825
5822
7603
5819
5818
2127
5816
5815
5803
7438
12369
363
8248
9169
5797
5795
6033
9814
6876
2494
10696
13781
5752
3422
2740
9196
12829
12646
12098
6475
9330
9880
5713
9736
5706
9351
12611
5705
3607
12256
5700
8879
8067
8404
11767
11486
3594
12659
5685
6906
5682
5678
5676
2376
10898
13089
8992
11547
5669
13017
10262
5668
5666
7897
6097
6868
5664
5650
5649
5634
9249
11097
5639
13556
8329
5636
5631
1790
5629
6283
5619
5618
5616
8647
5609
10554
7785
983
7269
12705
86
13288
493
5866
7414
5579
8349
5565
8920
5560
1108
5615
13981
11393
8875
5551
5541
5808
5531
11726
9594
13594
2125
12021
5522
5521
13699
8546
5517
980
1015
5508
5505
13465
7033
12516
5486
6801
7731
5468
5464
10502
5988
8141
5458
10793
5452
8894
11341
8149
2872
8193
12261
10445
5406
5408
4390
4387
12071
4382
7927
8873
7622
8857
5679
7327
4370
12740
9002
10261
10820
9942
6155
3317
11403
4343
4342
7058
4333
12239
581
4329
5731
3726
7083
7082
5849
969
8287
4299
12000
12822
8161
4295
7430
4293
3111
14020
12681
10273
4290
7050
4283
2309
5499
204
4269
1134
6208
1619
4267
3433
9088
7781
4257
2775
4253
13240
13150
12267
5515
4236
6754
4232
13297
8388
6171
2627
10155
9653
7273
12056
8655
13124
9414
10992
4175
8106
9345
13949
4168
11375
5622
457
13565
6846
11319
6931
7878
4146
297
7045
4134
6925
624
2020
5886
4123
4118
763
9713
13793
5872
7924
4102
11510
13950
13524
11052
4066
10550
8335
8054
9309
431
13904
7854
4036
4032
13413
6985
10250
1823
4228
8297
9638
13580
12693
7902
11959
4002
12384
13906
12650
9498
3985
13531
11774
6862
13074
7685
9194
3968
5608
9223
2730
1431
12553
1039
12245
9737
6076
3962
10767
868
8171
5549
6848
9000
5546
7815
13919
10998
10282
3923
1604
3921
12949
3915
2516
3909
13837
8142
8038
3895
3893
1917
11134
9228
3887
14104
3883
8124
12402
4361
3860
6134
7196
7195
1575
13106
2462
12805
390
3853
8096
3850
12180
8515
9546
8844
3847
3844
4137
3836
449
9919
3834
3831
3828
3827
6510
6441
5654
10780
3821
11186
3815
8511
3812
11466
343
3803
5483
3802
3800
10016
5829
7063
3791
8207
3781
3778
8974
11043
13772
5707
11282
3772
1493
13178
3769
3768
12733
3766
3485
3762
3761
2805
12605
3755
555
3750
10915
12121
10934
3733
13563
11915
7680
8935
3723
12157
3721
847
10073
3716
7651
11328
3709
8164
3703
11688
1266
6113
11813
1437
3692
3686
3683
13999
5938
10760
3668
8127
1189
8495
12902
3666
8798
3657
4268
9472
9637
10430
12528
12105
6064
10239
3638
8524
3634
7613
10346
3629
10705
13265
11769
3619
11156
3616
11169
9019
8045
3606
10999
9072
11171
6911
9656
3595
9435
3590
3573
3572
13015
3568
3562
11463
3556
3555
1491
7905
2485
3553
43
5459
3552
59
3551
9560
3547
2215
13945
10415
3541
3538
7826
10657
2008
1623
8859
3532
10044
3592
3529
3677
11831
6328
3523
3519
6200
564
5786
13895
3512
13809
3511
5559
8231
3102
9202
3506
1572
3503
3500
3684
3499
6291
12080
10991
3487
3054
5506
3483
12321
6981
3481
2277
3477
13738
3809
10206
8608
3476
9527
3475
3471
8659
14077
3466
12390
5953
9374
13900
13239
2182
10597
3455
3444
13024
13463
3441
12807
1457
3435
5642
5645
7634
6779
3996
3427
3188
3425
6239
7429
3424
14025
7907
3421
384
7514
3416
856
7338
3412
12558
13182
5887
4094
11625
1548
6091
545
11987
11883
7801
8932
3866
6454
12191
10311
13038
8352
11946
13644
6809
11085
13555
2532
12513
10290
11921
5745
5590
8042
10420
1811
4126
11902
6178
3451
11503
6247
10345
13423
8276
9597
10097
9248
3464
3311
788
6057
8997
11234
2859
4337
12664
2780
303
3292
8534
4310
6041
2887
1580
3276
484
13426
8976
9808
801
3450
2077
3637
11594
9765
7876
3252
11048
10366
12299
3233
11518
3449
3230
11949
6424
13493
11470
8748
10484
3226
3221
8469
12053
11524
3211
9766
3208
9180
10329
6145
3200
6967
3197
14062
9786
9793
3178
7885
8625
14101
3640
7556
4270
8656
6405
7913
3159
1410
10080
10786
477
3154
10453
3746
3149
3792
956
8750
981
6120
3133
12072
6462
1261
3128
1174
10478
5814
5852
6326
13096
623
10813
7282
9885
3113
6082
8435
4173
3439
3312
9640
8474
3059
8994
9590
13659
12107
3096
3095
3567
10706
3083
9127
3075
8746
9211
412
9488
8835
5501
7000
1027
445
8883
7605
13490
3065
7959
11304
2055
5851
3056
12445
11944
2394
3048
5926
285
1426
7125
3041
2546
7723
10166
1832
3779
3489
10508
3025
3291
7244
9208
3016
3014
3013
8542
8891
3889
3011
3117
8559
584
3006
4379
12172
8085
11152
10219
3005
13322
10004
4334
3004
9873
3343
12166
8983
12441
1048
13924
9451
12534
2995
5460
8973
12291
11091
7887
9274
13309
5536
12491
2986
5681
9944
10639
9434
5476
8687
4240
12506
7565
4298
10083
3431
11782
7695
10956
2953
9984
2950
7326
217
13289
1258
9863
5539
11181
11248
12690
7855
5466
11695
11506
10271
8741
8051
6836
8602
8910
9825
2909
12504
3171
10356
9102
3581
13
13328
1841
4221
7311
4182
13453
9276
7307
6226
9973
11820
11310
8205
2449
8384
8027
7042
10349
9303
9903
13579
5628
12908
12762
3058
3763
2873
6284
3091
1886
7761
8356
2871
2583
7650
5993
5944
3955
2867
13934
8260
9773
2866
12281
2865
92
12462
8035
11836
2855
1337
3070
2843
14051
12706
8196
4241
12780
2727
9592
3508
96
12616
2837
10652
9172
2828
6252
5525
8049
12932
2827
6210
13667
2826
2823
2818
2810
11197
13138
3574
7411
8089
9584
5507
3480
12092
9307
4035
1763
3740
2800
2799
9500
11628
11844
8168
2791
4225
8763
2783
8284
9513
11522
10181
2776
1712
14087
5823
5947
8984
10734
2681
11624
2766
12456
4165
11860
6211
2765
786
12586
12368
7263
10748
12232
8220
2763
9340
2105
13817
12197
2760
2754
12597
2819
945
4223
12251
834
7911
10630
2744
13065
11144
1332
1648
2737
5548
2735
12412
9222
8344
12732
8364
134
9401
9735
5624
9075
12694
12561
12446
3028
7752
2720
5469
7204
8293
2505
8343
11928
7227
5550
5743
9778
5690
10638
8048
11658
2707
12465
11489
2704
2703
7432
11697
5535
7711
2701
4073
5533
2700
7545
2692
689
440
7408
13614
2687
2685
2684
9781
11116
2676
2886
2675
3279
2669
10122
1022
9144
12401
2666
7197
2571
1011
9392
2660
5973
2659
3632
11070
2654
6956
7972
2653
7738
10717
2648
6078
4177
11423
2644
11955
2643
4079
11059
9509
8901
9056
13530
2634
2626
8331
11482
10771
10899
2614
3436
5717
1521
7008
2606
3228
6308
8627
2594
7934
2593
5512
12272
6775
13343
6820
7787
2301
10293
12820
11055
2679
12702
11599
2585
9683
12784
1669
5871
10684
2580
7323
2379
2574
10342
10099
13783
1068
9294
10606
2499
13681
11474
2112
13998
2558
7014
3656
8358
334
11872
8640
10436
8129
11315
2224
13929
2758
10236
6524
2536
2534
8272
2527
5478
10943
12352
2519
2514
13654
9253
7730
13612
10681
474
3507
8380
13324
12622
13969
5708
1467
4288
2506
5662
2504
2502
11281
11748
3760
2498
12935
5882
2493
13598
4164
2484
2483
2479
10142
10050
10138
8969
2472
11330
1349
1129
3897
13116
11758
8080
562
1100
10878
12973
2377
12692
1083
10230
1091
925
1363
10100
1894
5627
7705
1740
9678
12737
379
9415
1096
1076
3707
12361
10218
10621
12750
697
434
3639
13111
10613
9651
11355
1088
987
5500
4106
6457
8174
8170
9540
8173
6136
1708
11973
10144
11327
7929
1047
8033
1046
12429
867
138
1348
10525
5544
1181
13702
2500
13712
14008
13686
6418
14056
9924
13744
2600
1021
3108
13339
10340
1019
9692
10035
3884
6495
1017
12620
11678
1008
206
9412
1007
2107
13591
4210
2415
1003
2640
4065
9570
997
6042
8387
10232
7345
7918
10202
991
8702
8642
1749
12568
11298
9120
12065
12397
11869
10775
1641
576
9618
7825
13963
10102
3795
11544
5663
6288
7284
7721
5471
13854
9464
10916
3643
8229
1447
9830
11598
6115
39
1803
5922
3601
7253
1667
13869
10447
12396
7675
7671
13321
1683
11015
7755
5578
13619
11155
941
13093
11691
931
2408
12776
13808
6882
8820
12392
928
2453
5813
3892
3086
14026
9241
914
3277
913
13940
5638
13070
10980
9267
822
10256
281
905
227
8915
13753
7986
501
13127
1578
1430
1681
6059
516
1133
11190
8405
8607
212
6445
4055
11996
11485
1601
812
9754
7130
11285
871
378
13884
2407
3360
869
6177
3525
4071
7747
978
5623
8528
11533
8535
863
9565
4180
2038
512
5617
4275
13788
9455
4324
8060
3530
1753
12171
7865
5651
2147
854
846
11260
2079
12305
8333
11275
8363
8621
1870
2242
9265
3147
2998
1713
13705
1599
9960
1703
10194
823
1898
11527
896
9384
13617
3109
740
5647
808
2245
9532
14076
2289
13424
3344
9134
965
1502
11666
4174
12966
12764
5542
7561
10198
10493
803
5982
12001
5462
1235
197
402
7640
1891
993
5481
4080
13726
852
673
9633
940
8673
11541
12145
13246
11267
2468
572
5558
8831
6126
13943
10564
10927
426
757
756
557
11755
10462
565
13586
11272
712
4184
1390
2817
7971
480
14037
8581
8942
870
8136
12603
926
13088
8334
13503
8309
2317
5592
8637
9018
1002
13405
395
159
101
735
9053
731
1343
8453
9178
9360
5532
383
11121
723
7485
1087
11534
12581
11008
6816
8635
7316
1877
10990
716
10074
12398
2321
968
6431
10784
10673
5655
695
14111
10997
710
704
12109
1906
10454
10968
8046
6259
3871
12207
6858
7629
12046
13857
3423
10512
3699
9270
3169
2396
9719
7268
11289
10313
10400
702
700
5792
7839
11983
5704
10023
696
316
1635
692
5661
2293
2355
7215
750
10448
1777
7100
6028
5824
2857
4005
7536
9486
13430
9447
330
10697
14050
7462
505
1598
1911
1025
8622
8662
8506
2385
9091
10082
3167
9382
5494
8650
11563
318
1259
6872
2450
11378
755
11833
681
12320
13344
9010
2446
11241
817
8818
13754
2840
11623
963
1778
1296
8274
3350
858
6832
6830
13630
1029
7139
3238
13874
778
2186
7286
1009
686
1748
11218
3227
1089
10229
8440
3788
762
10330
2220
2451
10465
11039
3021
7594
8477
11536
2325
8558
7795
8882
11179
11472
578
8394
10963
7694
7441
8691
996
13470
5977
1380
862
4224
760
12274
717
13205
622
7140
8179
2181
13888
392
616
6362
11526
2273
12785
5496
12422
1331
615
1666
614
14055
1420
1734
684
1393
1422
2260
13799
13670
8813
611
1345
909
9982
8226
9746
11142
3468
2876
14039
2465
10258
2235
11066
13059
3067
9635
11406
9796
13303
84
10607
10431
595
12826
7954
3835
5698
8520
10178
319
774
7166
9453
2303
8488
2511
407
397
11385
2834
9371
3306
577
568
10724
11521
9252
11213
1947
6077
10010
11621
6102
9806
2383
7086
11968
560
4332
12551
2486
1857
559
124
8752
7535
444
8369
10382
10140
864
7342
11736
551
9615
10482
13584
9347
1576
567
10109
549
2073
11592
5490
10037
8465
13623
789
2318
12993
10800
942
241
11122
464
11135
11293
11947
11029
12926
8600
8519
8846
9138
8904
322
818
9634
3150
2091
7061
526
2795
9629
11859
7997
727
9648
7270
5684
408
1893
5543
7465
403
1267
7947
9813
13935
9209
1864
962
13076
9821
7110
203
13844
12060
3090
518
13292
1770
860
11390
10859
232
14036
401
424
6306
11918
798
3432
4246
7609
9949
5644
11823
5660
2228
8041
12721
185
3569
8874
7807
13283
11566
13008
587
8249
3586
9608
5516
10922
11335
2032
9549
7646
5987
8801
12951
9366
12827
12020
292
3600
2168
7295
872
1401
5838
12350
1254
2274
1211
10457
11149
2144
7189
8403
9785
1485
13774
6503
11793
10370
2784
8683
12149
1766
10076
7657
7133
1045
5480
10326
13264
9243
10742
13734
10452
10247
8588
13184
10568
6736
385
208
5841
2232
9111
11802
7412
1600
12418
11428
12813
4178
11493
9462
4360
10623
4176
504
2984
2663
25
1099
496
1298
2058
9067
8587
2978
2605
10702
809
9442
9994
5635
99
9961
5817
837
13516
1896
6833
1184
10426
11004
972
93
313
1566
2153
6984
9478
470
3482
8091
12584
1135
13090
1060
80
5656
12697
11564
13782
7006
4254
8672
2173
8972
1532
5783
1098
810
574
7410
1874
5806
12752
7296
7842
12744
12846
10105
12653
9358
736
4272
875
282
1318
850
776
1067
2083
265
66
9855
5646
361
6275
1085
682
11209
759
163
7722
11562
2148
1394
123
12796
7119
1355
1207
9561
10299
2790
3899
2836
194
554
13719
12997
12139
2620
12943
2448
9809
8452
590
2122
1041
9103
13047
1244
791
91
8485
409
13393
7734
7791
8783
11247
1199
11700
2323
8703
4346
35
3452
4222
331
7124
8317
9109
11314
8422
443
857
9566
2315
10907
14064
1516
12069
10072
751
5976
10535
1481
5858
450
22
8448
9282
2639
6818
1593
368
1368
3037
8965
8411
9020
7298
8254
11286
8951
11016
6828
13893
2694
592
12950
9342
10164
13333
11467
10167
13438
766
1294
9647
151
1695
8065
9734
12701
3818
137
11846
3672
10636
12233
6207
2444
12895
7413
8398
1305
3623
7518
11692
11868
423
10092
3082
1788
13417
11884
11673
2354
839
5465
12229
11243
10880
597
1275
13636
406
10854
3780
14071
10598
1346
6835
8022
5514
7285
11717
7802
4213
1006
2863
17
2210
8165
9443
670
10874
9636
251
12849
12840
5626
7533
13277
9426
3593
6478
3725
9005
745
386
1642
4313
8694
12130
938
9283
13401
10519
95
8241
8120
3078
3799
5540
47
6214
26
780
6898
13492
10515
4152
11464
3888
105
10116
76
13567
844
10476
5598
8500
9357
8037
5467
12354
553
7123
23
4340
1306
24
9009
2282
3798
2039
2696
14011
11265
528
892
13387
989
11770
10713
12533
487
13281
1093
775
7247
9431
9688
12163
64
9691
11649
4186
6842
9869
10910
3526
10062
690
571
3681
11098
307
543
308
9236
205
6511
12192
3036
8583
7726
13317
9789
369
7990
11630
13868
4096
796
8603
6170
11119
5493
9235
46
335
2482
284
7599
3963
2138
11977
1023
1287
2841
9317
3614
3765
9779
71
11333
2071
215
741
12665
8004
327
4207
254
1233
2845
9897
13746
11636
8739
479
9057
9155
3563
11084
81
2211
769
9836
782
8864
11752
11174
7941
7378
8553
171
3338
667
5946
11535
8273
11677
88
4262
7075
9325
12676
306
3756
131
10666
7260
1650
6127
12631
3758
8121
1201
9978
8756
1806
388
621
312
7537
12410
9556
8788
12842
104
207
10539
3044
11368
8568
9269
4172
9901
10046
11656
13086
329
8522
7615
6131
2567
10785
11641
2021
8490
9151
7654
5983
195
12576
11367
110
10575
12640
13252
550
1150
12453
11397
11231
12963
8445
6175
405
2393
9800
451
1756
9146
7645
8483
8685
12593
51
12614
1449
11399
12111
4251
14027
11964
1271
6044
6100
6369
257
8867
12123
11023
9983
11147
2552
2391
12150
10488
8151
10704
1339
9298
11159
1301
777
7079
261
3868
6857
5948
10348
633
13481
3842
6891
357
12971
1146
12585
2360
12017
1000
5482
1255
9170
12196
271
5489
2237
272
6229
11785
1069
3907
7104
5755
13244
824
13254
5827
11128
13860
1406
3172
7444
13480
8412
359
8509
13875
11448
19
11198
7334
2218
288
8316
10524
11400
8444
2475
9545
366
10560
414
13824
853
765
683
12430
9537
8793
9579
885
9352
14081
793
2598
305
1317
802
9100
11568
12357
6860
4170
3443
7619
1833
8722
3145
6206
1167
9356
1126
748
8899
10674
9862
7009
2414
1284
14080
8132
13597
323
324
7973
14
4282
7946
9305
274
255
6764
8310
10626
486
7228
5405
2043
7853
8011
13133
1744
1373
1411
10551
12955
8521
1290
1677
5853
11274
10148
13212
1890
10599
569
3922
13056
8712
1334
8158
6201
12481
12906
11891
463
11003
11114
13600
6423
8578
6020
1160
7978
7886
1732
7776
10402
2437
9524
851
1581
9504
4211
370
9555
11735
372
11370
375
971
9749
5625
1544
12823
7259
2225
2108
380
1935
6144
873
1014
4321
394
903
11413
396
6043
7891
3029
8651
3783
1307
7783
398
8669
904
1660
11560
773
5667
3407
7882
9859
11030
4181
2473
365
5978
10323
411
12755
454
3539
770
10498
417
9406
3549
12957
456
3833
7827
10532
1281
7985
7803
7940
5607
5472
7597
418
9227
13706
9870
10280
2156
9695
13779
482
420
10005
9985
2078
13084
10014
354
11772
758
13403
422
459
9660
8812
859
10103
10919
10563
781
1365
4230
961
336
8007
841
7890
10842
13132
11090
139
11331
12545
1282
1556
8753
8623
2951
4121
11876
1769
44
7016
3554
12051
1428
9286
4351
10865
544
219
42
4372
1329
7720
1171
10158
12804
10048
10548
4231
8966
9430
11702
784
11639
9548
1527
1240
12086
613
2036
1955
1710
510
9940
6050
2065
475
13388
301
6244
11956
10931
12450
11300
2395
1862
485
1419
103
5648
1902
7702
8431
7571
8592
9865
7011
258
8155
1564
9341
6813
11311
570
11879
1010
677
10964
506
3841
10523
3966
229
8638
8111
9143
10244
602
3957
1263
1328
13848
9516
1805
2736
626
9770
489
1370
8762
12214
2652
3583
5764
678
7489
539
8523
358
6804
1664
12026
5884
10053
12221
6900
7636
2814
1137
5782
5520
9835
1622
13771
3297
11045
1139
9349
5860
7899
8245
12541
768
4082
6442
12700
8652
9974
77
10057
654
8907
452
13823
6907
9568
11618
825
1686
7845
387
9702
5971
650
9142
9422
1159
1161
2565
1916
10410
8408
3166
2154
13514
2831
10710
8322
328
57
11443
12336
3045
10977
11998
7341
8830
11402
10819
3635
12606
7266
7360
13582
7756
12223
9520
10180
8512
9014
1195
11096
13036
10566
11340
2803
2842
12269
3026
792
9670
7531
10632
1257
82
876
11530
8458
10368
7666
1210
10593
1784
10242
3176
7949
1221
8601
2205
8806
1224
9953
9694
11696
4185
1248
38
785
2530
9224
13202
1256
1260
7106
1954
2661
4003
5530
1269
9301
2285
12285
1496
11858
3052
3510
1272
1341
819
10378
1286
11115
1288
8940
13588
6313
11104
1976
11839
1292
8455
8210
1293
6488
1170
3335
3521
2143
2364
1297
8031
9117
1299
1300
9501
13320
9304
9039
13342
7981
2261
1302
6101
9114
1974
10398
9036
10111
1303
1237
2371
5812
1310
7538
1311
10715
1312
13381
10424
13656
8724
13429
13676
9669
2839
9564
7305
8633
884
1314
11675
6914
10950
5413
1316
7682
1185
1012
89
13414
13023
3787
10435
10849
1326
12657
1327
855
10989
2187
1936
11542
8923
1336
2677
3810
6819
1736
11487
7037
1342
8324
13951
1427
1347
10443
1071
1351
1518
7234
7522
1540
1357
1358
5510
10404
7596
10643
11033
1364
9935
11709
10946
1366
1095
11352
10302
1372
1589
3088
9048
1377
4163
11871
1090
11087
1378
1608
7496
9409
1379
11075
1385
7877
588
1429
2847
3982
1716
9059
7707
314
6277
1396
1397
9710
2302
9285
10562
1400
12851
1882
4138
12325
98
13327
10266
1407
1523
1123
10318
3175
6918
10354
509
4104
1413
2435
10223
2481
10304
11545
882
1414
6010
8101
201
9479
3557
2523
1872
9054
3357
6002
3234
1421
1432
1434
8114
9499
2088
3313
9179
7375
1443
10224
12917
1387
476
12857
1444
3053
1151
12655
3479
13631
9906
10729
10830
3148
12466
2197
3537
62
8789
7656
8126
1466
11975
10225
11273
14110
13852
8593
1471
13757
8837
9696
1478
11886
11026
9192
10203
1487
2438
1492
10045
2906
11706
13696
2862
6817
102
2130
1640
11204
9125
1498
1499
12029
1500
13378
3727
9950
1507
8829
8584
753
48
10063
9812
11635
2314
1707
11781
1402
10238
9819
2353
9991
10594
9661
821
7960
10752
11454
471
8931
12454
1537
11539
1781
1295
7566
8321
1541
9671
1542
3663
833
13473
36
1615
1543
9217
10790
9461
3993
1883
1621
1552
8282
10699
10381
1034
7922
11342
1787
1565
213
7772
831
11446
5975
1719
14017
12246
2070
1560
6507
13628
1571
1573
13770
8918
3470
5788
9264
11731
1577
12577
6977
9517
10145
3051
8185
7989
4281
13033
1827
1585
13826
13279
1586
1570
311
2782
4289
998
6416
9189
11595
2348
1595
9890
1597
10695
1602
11109
3132
1603
10078
13701
2421
419
10013
1607
7474
13709
13671
10653
11266
1614
7080
9515
3695
9938
6458
1618
12436
1705
1620
8026
11499
11798
1369
7354
8177
5600
1535
1630
13759
9943
8680
1631
1632
9886
10339
1389
10533
11088
2247
9042
604
3822
7436
1092
11027
3773
10935
7602
11989
13206
1661
10486
2601
2459
1668
6979
10031
9481
10806
3438
11103
8087
1670
1899
228
1672
9860
9049
9315
13457
11249
1680
1933
13845
13386
5879
5426
4316
1684
7171
8913
2241
11372
1690
13361
9854
11076
5863
1483
218
8228
8265
1697
6163
9454
1445
11377
9784
1709
8013
4136
8852
9857
7294
911
1381
7427
8596
1178
1942
1733
1750
1751
10561
10698
12489
10500
10736
8100
5881
11354
3605
2128
1757
8645
8585
7044
8842
1758
129
9802
3655
11444
9052
8211
1765
2306
12672
787
11431
14063
2592
9308
1775
11680
1782
11687
13487
13560
2686
13766
9689
9891
705
9281
2655
10655
7638
12151
13642
13537
1340
13541
9947
317
8470
2033
3162
13703
6983
11815
3220
6029
8856
3813
466
3647
6274
8471
9866
6205
10020
10499
10821
1168
7663
12387
594
12374
1914
1843
9302
6489
1164
3735
74
2044
8195
795
5602
8160
97
12434
8537
3158
8843
13682
8030
11665
3295
3301
3214
1875
11663
12766
8271
13558
13075
1878
1880
7880
10932
4208
13193
11299
9526
3870
583
8063
9029
10816
10955
1912
1907
1591
3198
9166
10614
1702
1913
10211
9271
6525
214
8599
752
1920
3119
7401
9184
12457
3107
1921
1030
1924
7225
1927
3579
10254
289
165
1945
10929
1049
3099
12200
8251
3706
9760
1325
12222
8809
1964
404
13550
1966
1973
6459
10876
6965
7830
2120
1192
11280
12137
3509
935
1442
7995
828
10139
7658
8975
10096
9882
10407
2016
13001
2171
2022
12630
5653
3165
8172
2027
2405
8719
5453
936
6878
1388
7012
8117
9706
2040
14045
3516
11825
13601
5610
2054
13101
3354
7849
8425
3505
1547
11200
11832
6282
2366
2063
2977
771
7210
13235
2463
3625
4244
2466
8649
10276
2464
6014
10350
7346
9096
9990
12188
11189
13661
8611
1024
13886
8372
2389
5683
325
11469
5640
5820
283
2085
13621
10257
7308
3587
10492
11312
2092
9154
7824
513
2102
7425
13123
7526
6950
13512
10042
5606
5611
4004
2118
5470
11374
2132
3900
8015
12898
1375
11295
5504
2158
13603
11478
3969
2193
2163
11988
10087
13083
3027
7280
10159
107
2174
2178
10617
12447
5710
2185
3418
8790
10769
5970
13786
9725
11167
2190
2196
13730
11997
761
2208
2209
10545
13174
2838
1747
9969
8093
11600
701
3281
7739
2230
13396
2240
2098
10136
12003
7513
2250
11848
10870
2263
9094
1616
256
783
8351
11336
11384
11843
2267
7023
1245
8695
9420
14107
11199
12455
11632
4060
2319
1849
9322
2320
8718
2229
10815
8472
11418
12746
11458
10804
2529
2589
12959
9459
1809
2338
1215
2339
8663
10490
11101
9218
6108
6831
13733
447
2343
1731
13967
2350
2351
3185
191
6975
326
2358
2367
9221
2375
3648
6966
2386
2013
320
2636
3737
2392
2329
525
2691
6512
10259
2253
8517
11038
1674
9581
10272
13293
12687
8480
13984
2829
11739
11261
1148
2406
2410
2010
2428
130
7377
10542
10952
9518
2436
9468
10240
8357
2445
2447
10365
11398
3823
9547
10787
13456
3742
1653
13360
2457
10718
12565
10908
10665
6323
13300
2515
6327
10720
6330
6331
6332
9979
779
6335
13352
12044
10925
6336
6849
13005
10798
9381
6339
6340
10249
7690
9539
11502
7337
10580
9263
11222
6364
7800
10894
10286
8078
12889
9680
9061
9575
5528
9137
6389
11904
3274
3314
2331
842
1687
7677
7857
8391
6417
8079
6419
7047
6421
2777
6422
6425
8281
7904
11269
6436
13907
11561
6437
6438
11182
6439
9681
6443
9553
9703
6444
6446
6447
12237
8176
391
6448
6449
12864
6450
6451
7692
13680
9350
6453
8416
11100
6455
8933
8980
6465
6467
8667
8218
8460
6469
6470
6471
6473
8841
6474
1158
11148
6479
13060
6481
1928
6482
6483
10637
6484
7352
5677
6486
6487
6491
9720
6494
6497
6498
6500
12058
10246
9628
8888
6506
6895
13484
10066
11662
11850
8280
6508
3087
10678
12652
6509
5570
8978
11409
6514
10818
1319
6515
8760
6517
6519
500
7548
6521
7627
6522
8725
5547
3837
10455
11577
7324
11271
11099
3702
7560
315
6727
6728
7530
5856
1504
2080
11890
4376
4323
9792
1424
8982
10003
11373
11416
6897
12432
6964
13956
9642
9378
6520
11646
12428
6759
13258
8115
6761
6762
4107
11457
6766
9289
8267
2239
7741
4179
12635
1383
6774
11162
11708
9312
7958
9436
8385
6785
6786
6787
10017
4031
9471
11509
11796
10162
6797
10553
10612
1291
6798
11659
13208
11714
10213
6799
7912
13350
6805
6855
6806
6807
10233
6808
6810
6811
6821
6822
6823
6824
6826
13847
6829
6834
9716
6932
6995
6840
5603
899
5456
1503
8222
10887
6841
11205
6844
6845
6847
11757
9750
6853
9544
10848
6854
10552
6856
6859
6903
6861
6863
6864
9225
10918
6866
9081
7703
10801
6870
7847
6873
9918
9715
6875
6877
9428
6884
6885
6886
2561
6887
11060
6888
6942
6889
12751
8561
6890
6892
11961
6893
6894
9820
10234
436
6896
11216
9023
6901
6902
6904
6908
9871
6909
9621
6910
6913
8743
6915
6917
13009
6920
6922
6923
10687
8459
279
6927
6929
4383
8018
9316
11940
6935
6936
6937
10079
639
6938
6988
6939
6071
6941
6947
12179
8396
6948
8118
6951
8294
6952
6953
7126
8570
10459
2411
10205
10527
7764
9601
8139
11591
11302
6961
11743
6968
6970
6973
11856
6978
11224
6980
6982
6986
6987
6990
5621
8794
6991
6993
6994
6996
6997
10610
6998
6999
7002
2542
7004
9041
11660
7005
8677
8999
7007
7265
7010
7013
2111
7015
7564
9064
11256
7019
7020
6062
7021
10091
7022
7024
10248
10518
7027
7028
7030
7032
575
9364
7034
7035
7036
7038
13349
9260
12903
7039
7953
7040
7041
7046
7497
7048
7054
5658
11137
7055
7060
6048
7069
1156
7072
7077
4307
9068
11338
6499
8292
332
7084
7085
9956
7089
13842
11001
12062
11603
9958
7101
12328
11411
12627
12472
7103
8613
7105
7043
7292
7112
7115
7116
9519
7120
563
8681
9522
7127
7132
7134
9605
7141
11064
7143
10611
11259
4229
7149
6928
9934
13144
12601
3960
6971
7156
11845
10168
8819
360
9190
12519
10075
7169
7170
10895
333
8028
6513
12230
835
9450
9645
13125
11212
12617
7198
8930
12414
7261
9910
7643
10531
10474
3309
7211
7214
13765
7221
7222
13219
7224
7798
1101
7226
12612
11461
2520
7229
7231
8510
7232
9004
7233
7235
7729
10034
5845
2213
8887
8890
10860
3618
7245
561
9033
7246
10172
8516
13926
11358
7250
9571
13226
7251
3785
7254
7257
7258
1249
7262
7264
7267
11034
11154
7271
13271
7272
10120
5989
7274
7276
7278
10227
7281
6461
7283
7289
11022
7291
11497
7293
7297
7300
7301
7303
7422
13323
2100
6415
7304
7306
7309
7310
7610
11674
13637
12407
10620
7315
11371
11840
7318
7991
13942
7320
11422
7321
7523
8598
7325
7328
7353
10284
7329
7330
11788
7499
11652
1554
8156
8450
2695
720
7331
7957
7332
13372
13097
7428
7017
7333
5990
7335
7336
7339
7340
7344
12102
9759
3603
7349
7350
5907
7351
12609
3315
11388
7840
7363
10875
7365
7368
12613
10555
7371
7374
8243
11161
7379
10889
10739
5573
7381
3140
7386
8092
7387
7388
12965
7389
13156
7390
7391
2184
10676
8771
7396
10936
13092
7397
10291
7400
7402
7404
7405
7406
9533
7409
7415
7416
8376
10833
9449
7418
7419
7451
294
9410
278
10689
8323
7420
7421
13118
7423
12474
7426
8660
7511
9432
7433
10517
7434
7435
3667
9404
3786
7437
8784
7439
8456
7442
3540
8040
8543
11573
7443
11245
9502
7445
7446
7448
9232
6874
7449
7452
10825
9916
814
7454
7544
7455
8303
6746
8964
7458
1239
7463
7464
7466
7467
7469
7471
7472
7473
7925
9578
739
11640
7475
8137
11425
7476
11559
7477
7480
7483
8311
7484
7486
13593
10429
7488
7491
10933
7910
8643
8475
8866
1172
7493
8574
7494
7495
7498
4139
9012
8751
7502
9658
5843
11430
7507
12076
1241
9214
10068
7509
8261
11867
7510
7516
706
7517
2905
13542
7520
10691
7524
4226
11570
7525
11369
10305
7529
11042
7534
8187
8986
10732
7540
7541
7542
6921
8288
3062
9677
7053
11225
7549
7550
9367
7551
7552
8182
9593
7553
8547
7554
7555
7557
4227
7559
7569
10093
10714
7570
10481
7572
7573
7574
7575
7500
7576
1568
7984
7578
7580
12727
8795
3776
7581
1204
7582
7893
7583
12282
7585
1919
11501
7586
7588
7589
11791
7591
7592
9980
10126
7593
11738
7768
3522
7598
7600
5537
11185
1844
7604
7608
2573
7611
8971
399
7612
11972
5789
7614
10501
11701
7620
7621
7623
9726
7624
7625
7626
8424
12937
8664
11667
7628
7630
11396
3954
7587
10938
2702
7635
9355
12563
8708
7639
11945
7641
142
7633
9541
8113
7647
7649
3991
9466
7652
9361
7653
7655
617
9604
9630
7659
7662
7664
8295
11852
7665
7667
12536
7668
7670
7673
7674
7676
12608
1436
7678
10712
9078
6726
7681
13880
13137
7892
4070
425
7683
10442
7684
7686
11593
7688
11031
7689
8833
7691
7696
7697
8421
10988
7698
7699
7704
2579
7706
11645
13434
7712
10104
13903
11979
10556
7713
1308
7714
8166
7715
10576
7717
12514
5870
7718
11723
7719
12309
7727
11005
10983
3891
7732
7733
7735
9798
12068
7736
1086
8690
8123
10325
7740
13188
7742
9186
7743
7744
7745
7746
7748
7728
7661
7749
12259
3631
10303
7750
7724
11644
7751
2052
7753
7754
7757
11132
11543
5657
10387
10709
7759
11305
7760
7762
7763
7765
10185
7766
10783
7767
7769
7770
7771
13376
11851
7773
10646
7775
7777
7778
9097
7784
7856
7786
7788
12275
7789
7790
9038
7793
7794
7797
13911
8088
7799
7906
13674
7804
7805
9631
7806
11610
7808
7809
10367
7810
7811
7812
7813
11786
5427
7816
12183
902
7817
5620
11514
7818
7716
7819
11496
8977
9975
7955
7820
9083
9538
7822
7823
9900
7831
7833
2646
7834
7835
13105
10054
7836
7837
7838
7841
13996
7843
11297
7844
7846
7848
7852
7859
8215
7860
2113
10877
9149
7861
9954
11634
10151
7866
7867
10279
7868
10581
7869
7872
9071
12186
7873
8084
13028
7874
11704
7875
9711
7879
13812
8501
7881
9743
1362
7883
7393
7492
7884
7888
7889
3340
7908
7909
7914
11948
11572
7915
7916
7917
7919
12814
7921
11062
11505
1283
7923
12331
9730
7926
7928
4220
7930
7931
10776
7936
7938
7942
8716
7431
7943
7944
829
7945
7950
11550
12629
7951
7952
2119
7343
7956
11201
11306
1232
7961
10973
7963
11056
7964
7965
389
7966
13577
7968
7969
7970
964
7974
7975
7977
7979
7980
7982
12170
6031
7026
10805
7992
8397
7993
9614
9066
7996
7248
8008
10130
5888
8154
7998
9105
8000
6827
8001
8002
10863
8003
8023
8006
8009
8012
8014
8869
8017
8019
8020
8021
8778
11127
8024
11037
3548
10095
13121
8032
8034
8036
9359
8039
83
2175
10043
8044
8233
9523
9362
8928
8052
10965
8053
1624
8055
8056
5913
10369
12531
8058
8192
8436
8059
9921
8061
8723
8062
8163
11380
8064
7780
8066
8068
8069
11642
8070
8071
8072
10921
8073
8618
8075
8077
13526
8081
8083
8090
8094
8097
11107
8098
13622
874
8102
10121
10728
8103
10570
8104
6850
8105
11435
7814
8107
8108
8109
8406
8110
8612
8112
8119
12134
9008
8128
8130
8131
11842
5826
8135
8409
8138
8140
8143
8144
8145
8146
8147
8148
8150
3229
2674
1484
8152
12335
8157
14070
2689
10059
10012
9156
8159
9687
8162
9313
8167
8169
8175
13377
8178
8099
10582
8181
11633
8186
8188
3662
2126
8189
8190
9262
8191
10383
8197
14034
8198
13540
10416
11223
11217
13390
11504
8212
9867
13818
8213
9337
8214
8216
9899
9995
8219
13846
8224
8230
8232
8234
2929
8236
1592
10009
10008
3280
8246
7366
8250
8252
9448
10669
1643
8253
9477
816
8255
13134
9167
3814
8257
1718
8262
8263
8264
8268
8269
8270
8277
8278
8279
9588
8285
8286
9104
8289
8290
8291
8298
13850
8299
2478
8300
8302
8304
13228
10027
8283
8306
8307
8308
11579
8312
8313
8050
8315
10189
8318
8319
8320
9423
9444
950
8325
300
8507
8326
8327
10296
895
8328
8330
8332
8337
8339
3669
8340
1333
8025
8345
8346
4171
11131
8347
11089
5513
8348
8350
9965
8353
259
8354
13902
7319
8355
3207
8361
8610
13867
3874
8365
9495
10118
7057
8366
8367
8368
7939
8370
9348
6221
8371
12836
10315
8374
8375
8377
2668
8378
7792
8379
10306
8382
376
8383
11586
8386
4001
861
10444
11483
8389
11318
8390
8392
8393
8399
10351
8400
8402
8410
8413
1131
1559
9279
12582
8415
13737
2139
8418
8338
8420
8423
8426
10546
8427
10586
10867
8429
10528
8430
8432
13814
11417
8434
8437
13217
8828
8438
8439
11365
8441
8442
12074
9266
9425
10857
8443
9883
8446
10707
8454
8457
11329
8461
8462
12754
8463
8464
10883
8466
8467
8468
8473
8476
11010
8478
8479
8481
10506
12479
8486
13638
8870
8487
8489
9399
8493
10719
8494
8496
10332
8497
8498
8499
8502
4280
8505
8508
8589
8514
8518
8133
8525
10032
8526
8530
9390
52
8531
9932
8532
7595
8533
13058
10187
11583
8536
13078
8539
8540
8541
11432
8544
7829
8194
8545
5854
8548
12896
8549
9205
8551
9907
12958
8552
8554
8556
8557
8562
8563
13315
8564
13400
10543
8565
8567
8569
8572
11035
8573
8575
8576
8577
9655
8579
8586
8590
8373
8591
8594
9394
13694
8595
8988
11495
1931
5518
8597
8604
9254
8605
7988
8606
8609
11754
8614
8615
8616
2141
8617
8749
8619
11888
9832
8620
8624
8626
12969
11395
11710
8897
8629
8631
7299
8632
11165
8639
8641
10618
11292
2169
8646
8648
12131
8433
8653
8654
8657
10216
3869
8658
3767
8661
11083
713
8665
11578
725
8666
8668
13421
8959
9475
7967
8671
9967
12856
7896
10668
8674
8675
8676
12888
9851
8678
10659
8679
11664
8682
8686
10975
8688
10893
8689
8692
8693
8696
556
9494
10902
13199
12015
806
8697
836
8698
12743
8699
8700
13691
11382
8701
8704
8705
8706
8707
8709
8711
8714
8715
6128
9162
8720
8721
8726
5491
8727
11044
12636
4266
8728
10799
8729
8732
13532
8736
8737
10701
8738
8742
8744
10380
8745
7999
8747
8754
8755
13979
9657
8560
8757
8758
9951
8759
8761
8764
8765
9160
6263
10928
8766
8767
7174
8768
8770
8772
12961
12296
3151
8773
8776
13329
8777
8779
8780
8785
8786
10947
8791
8792
6472
8796
11410
1859
8800
8802
10399
8803
8804
3882
8805
8670
8808
9215
12674
12194
9981
8810
8811
8814
7700
10439
8816
8817
8821
8822
8823
8824
8825
12925
6518
8827
8834
8836
8838
8839
5450
8840
13975
13795
8847
4151
6751
8848
7521
8849
8850
9610
10522
8851
8853
8854
53
8855
2794
1861
9599
8860
8861
8862
9625
8863
6452
8868
13816
10018
8871
9674
8872
8636
8877
8880
8893
10204
8881
8885
1384
8886
8889
10309
8895
8896
8898
8900
7290
8902
5778
8903
10357
8787
8906
9141
8909
9460
8911
8912
8916
10747
8917
11835
9790
11468
8919
8922
8925
8926
8927
9783
8934
10425
13858
8938
11939
10287
13750
10475
10758
8941
8943
7994
8945
8946
11324
8947
13087
10183
767
8948
8950
8029
9929
8952
7710
8953
10788
6851
8954
13441
8955
12231
10648
8956
10040
8957
10081
10896
8958
11742
10038
8960
7687
10235
1583
8967
8968
12286
9353
8970
8981
8985
5834
8989
8990
11000
8991
12772
8993
8996
9001
9003
11195
9173
11619
9006
9007
9011
10817
9013
9015
9016
12294
9474
2236
10651
9017
9021
6230
8733
9022
9024
13716
9027
13724
8580
9652
9028
9030
3060
9031
9032
9035
9171
7870
10503
9037
9040
9046
2770
3741
8582
9047
9069
8799
9050
9051
9055
627
9572
9058
9563
9062
9063
9065
10418
9070
13170
9073
11412
9074
11214
9076
9077
13209
10509
7487
9079
9080
12367
10741
9082
9084
9085
9086
9087
3679
9089
9093
1671
10538
9095
9098
12220
9931
9101
12894
10923
7606
9106
10781
9108
9110
10098
3139
9112
4084
9113
3588
2283
9115
9323
7279
11254
9116
10939
11794
9118
9119
9121
9122
12415
9123
9124
12960
7590
9126
1574
10693
9128
13389
9129
648
9130
6976
9131
7249
9132
9133
9136
9139
6838
7230
9140
9145
8342
9147
9148
8710
9150
9152
10390
9153
9158
9159
8731
10441
9161
7025
9297
11511
1404
9163
9777
9164
14102
7637
9165
3352
9174
12658
8122
8116
8730
9195
6745
9200
9175
2342
9176
10530
9177
9182
9185
9187
9188
9191
9193
3935
10541
9197
3474
7850
10571
9198
9199
9858
9201
9203
9204
9210
10909
9212
11160
9213
2563
9216
9219
9220
9226
13356
9675
10624
9230
10466
9231
8937
9233
9234
6905
10251
9237
9567
9238
3952
9239
9240
9668
9242
9244
13120
9245
13912
10190
12358
7779
9246
9247
7052
11386
9251
9255
9256
2265
10688
9257
13069
12677
9258
9922
9937
9259
9261
6279
9268
10590
10869
2723
9275
524
9277
9278
12492
9280
9284
7648
9287
11118
9288
11068
9290
9293
9296
11420
8095
9299
13019
186
9314
3049
9318
9319
9320
9321
9326
13728
7515
9328
9329
9331
10679
9332
9334
9336
9338
9339
9343
9344
10373
10324
8074
9346
9354
10721
9363
9365
9368
9369
9370
242
11220
9372
9373
9375
13958
9376
9377
8395
9379
9383
9385
9387
12929
9388
9389
14021
9391
9393
1915
9395
8963
9396
12217
8734
9397
11969
11359
9398
5833
9400
9402
12708
9403
9405
9407
9408
9411
9413
12699
7236
9416
9417
9418
8634
9421
9424
9427
9429
9433
10658
9437
13026
9438
9439
9440
12684
9445
9446
9452
9456
9457
9458
8936
9465
9467
9469
145
9470
9473
1522
9476
12691
9480
9484
9485
9487
10753
9489
11193
9491
9493
9496
9497
13011
9503
9505
9506
9508
9510
9511
9512
13626
9514
9521
10231
9525
9528
9529
9530
10007
9531
939
9534
11549
9535
9542
10403
10832
9550
9551
10209
9552
9554
9557
9558
9559
9562
9569
10993
11405
9573
9574
9576
9577
9580
7481
9583
9585
13879
10312
9587
13832
6852
9816
10763
9589
14088
9591
9595
1391
10635
9596
9598
9600
9602
10001
9603
9606
9607
7461
9609
1860
9611
9612
11429
9613
9616
10195
9617
9619
10278
9620
10358
9622
9623
9624
9626
9627
9632
8296
11124
13549
12165
10317
9641
2503
9643
9644
9646
9649
13510
9650
12934
150
9654
9659
9662
7737
9663
9666
9667
10615
9672
9673
9679
3064
11694
9682
8644
10285
12839
9684
9685
9686
12808
10252
10163
9690
9693
9698
9699
13570
9700
9701
9704
13980
12206
11347
10808
9708
9751
12399
381
11252
11713
992
9709
9712
10385
9714
10377
3440
9717
9718
10573
8047
9722
9723
3575
10169
11105
2625
11433
9724
9727
10629
9728
9729
12604
7900
9731
13909
7758
10850
9732
9733
9738
1513
9740
9741
13307
13931
9748
9753
9755
157
9761
10364
9721
9762
9763
11734
9764
9767
8513
9769
10960
12774
9772
9775
11069
9776
9780
9782
9787
9788
9791
9795
6791
9797
8341
9799
3496
9801
226
9803
12006
546
9804
9805
10868
1698
10359
11775
9807
8451
9912
9810
9811
11819
9815
7858
9817
10489
9822
12712
9831
11233
8086
9833
13409
9834
9837
9838
11558
13225
4378
9839
9840
919
13585
12920
9183
9847
13865
9850
9852
9853
9856
9861
9864
9868
3688
9872
9157
9874
9875
9877
9878
9879
7223
9881
13375
9676
9892
9893
7725
10362
7567
9894
6075
9895
9896
9902
11520
14054
11981
5821
9207
9992
12913
12907
9908
9909
9911
9913
9914
2099
9915
9917
10828
9923
9926
10065
9927
9928
10959
12654
6420
9930
6070
9933
9936
10283
9939
9945
9946
9948
13306
9952
9957
9959
9962
9963
13778
9964
427
9966
11471
9968
2797
982
9970
9971
9972
7933
9976
1163
10114
3187
9977
9987
9988
9989
9993
9996
9998
9999
10000
10002
10006
11553
11937
9752
10011
114
10015
11655
10019
10021
10022
10024
10025
11054
10026
10028
12419
6502
10029
10483
10030
2271
10033
10036
10039
10041
10047
10049
9300
10052
7243
10055
3651
10056
10058
10777
3278
10061
589
10064
10067
10069
10070
7361
10071
10077
10085
10086
10088
10089
10094
10101
10106
10513
13471
10107
10108
11391
10601
10110
12537
10112
13913
13285
10113
7302
10115
10117
13192
10123
10124
10125
10127
10128
10129
10131
9955
10132
10134
10135
10137
9482
10141
13420
10143
10146
10149
10150
10153
13153
10154
10156
12559
9794
11602
10157
11196
10161
11657
10165
10170
10171
13284
10903
10174
10766
10175
1868
10177
13611
10179
11065
10182
11986
10433
1395
10184
10186
10468
10188
10845
11459
10191
10192
6879
8815
10193
10197
11184
10199
11513
10200
10201
11434
13113
11676
10207
6293
10208
10210
13877
10212
10214
3124
10215
8998
11590
10217
10220
6934
10222
7109
10226
10228
10241
10245
8529
11580
13985
5791
10253
10255
10260
10263
10264
10265
8449
10622
11747
10267
10268
11958
8550
10269
10270
10274
10526
10275
10277
1315
10281
10670
10288
11681
10289
12355
10292
8878
9099
10372
10294
10295
10297
10298
7322
10300
10569
10301
10307
10308
10310
7460
10314
10316
10320
11303
10321
10322
10327
13987
754
10807
10331
10334
13196
10335
8482
10336
10337
10338
13402
7796
11014
10341
10343
9665
10344
10347
10352
10353
10355
13747
10846
10360
10361
10363
10371
10374
2056
10375
6290
10376
10386
7175
10388
12729
11239
10389
13102
9291
10391
10392
10393
3501
10394
10395
7948
10396
13460
10397
10405
10406
10567
10408
10409
10411
2553
2101
11250
12302
10413
6299
10414
10417
10419
10421
13952
12882
10423
10427
10428
10432
10434
10437
13407
10438
10440
8134
10446
8362
10449
10450
10451
13500
1982
10456
10974
12548
10458
10460
13647
10461
10463
11050
10464
10467
11237
10469
10470
10471
14059
10472
10473
10479
10480
6930
10485
10487
10491
8566
10494
10495
10496
10497
10504
3801
250
10505
10507
13325
10510
10511
10514
10516
10844
694
10520
10521
10529
9168
10534
10536
10540
10544
9664
10549
10557
10558
10559
10565
12981
10572
10084
7871
10574
10577
10578
13248
7983
10579
20
10957
10583
6065
6871
10584
10585
11711
10588
10591
11079
1549
8769
11082
5830
10592
10789
10595
8359
7679
11488
10596
9483
10600
10602
10603
10604
10605
3490
11112
10608
12933
10616
11086
10619
10625
889
11407
10627
10628
10631
6251
10633
10634
10640
2682
10641
10642
10644
10645
10647
10649
6501
10650
10654
11984
10656
10660
11351
10662
10663
7362
10664
10667
4303
10671
5991
10672
10675
10677
6017
8684
10680
10682
2540
1440
10683
12373
10685
483
10686
10690
10692
12816
10694
10700
10703
10711
10716
11668
11211
10722
10723
12028
10725
10726
10727
7660
11028
10730
10735
10737
11408
10738
10740
10743
10744
11440
10746
9997
10749
10750
10751
9492
10754
13916
10755
4053
7832
848
10757
13947
10759
10761
9463
9925
10762
4277
10886
10764
10765
11853
10768
5950
10770
10772
10773
10774
3565
10778
10779
10782
10791
10794
10795
955
10796
10797
10802
13427
10803
11780
10809
6867
11251
10810
10811
10589
10812
11215
10814
10822
10823
12173
10824
10826
10827
10829
10831
10834
8503
10835
10836
13314
10837
8555
10838
10839
10840
6060
10841
10843
10847
10851
10852
7601
10853
10855
10856
10858
10861
10862
10864
10866
10871
10872
10873
1179
10879
10881
8939
10882
10884
7782
10885
8571
10888
10890
10891
14048
10892
7828
10897
7131
8336
10477
10900
10901
10904
10905
11238
10906
10911
10912
10913
10917
3434
10920
10924
11729
11053
10926
10930
10937
10942
8884
10944
9941
10945
10948
10949
9292
10951
10953
10954
10958
10221
10961
10962
5484
10967
10969
10970
10971
12089
10972
1433
10976
10587
10978
7539
10979
10981
11072
10982
10984
10985
10986
11447
3518
10987
12501
10996
11002
11006
12765
11007
12735
11009
11011
11012
11013
11017
1900
11018
10333
11020
11021
9536
11024
11705
11025
10412
11036
11746
11040
10547
11041
11046
11047
11049
11057
5614
11058
11061
832
11067
11074
10733
11077
11078
11080
12714
5605
7920
11081
12811
11153
180
11092
8057
11093
11094
11627
7256
11095
9206
11102
11106
11108
11110
12877
12276
11111
11113
11117
11120
11206
11123
13633
3141
11210
11125
11126
11129
11130
11133
10173
11136
10243
11138
11139
11140
11141
790
11143
11585
11145
8005
11146
11150
7501
11151
12547
11157
11158
10133
11366
2135
11163
11164
11166
11168
11170
11172
12554
11173
10756
11175
11176
11177
11178
11180
3419
11183
11187
2832
11191
8183
11192
11194
11232
11202
11207
7935
8717
11208
13278
11219
11221
12254
11226
11227
10422
11235
11236
11240
11242
11287
11244
3534
11246
4150
11253
13711
11255
10152
11262
11672
11263
7314
11264
11268
11270
11276
11277
11278
11279
11283
10661
11284
11288
11291
8504
11294
9333
11296
1392
11301
11604
11307
11308
2026
11309
11313
11316
11019
11317
11320
13061
11321
11322
13165
11323
11325
11326
11332
11334
9419
11337
11339
558
11343
11344
11345
11346
11348
11349
9324
10708
11350
11353
13050
11356
8016
8865
11357
11360
12710
11362
6843
11363
11364
11376
11387
11389
11392
11394
11401
3757
11404
11414
12443
11415
11419
11421
11424
13755
11426
13294
11427
8184
11437
11438
11439
5519
11441
11442
11445
11449
11450
11529
8929
11451
7440
11452
12736
11453
11455
11456
9986
11460
10328
11462
11465
11475
11476
11477
2557
11479
377
1398
11480
85
11481
11484
11490
11491
12404
11492
8527
11494
11500
11507
11508
9306
11512
11515
11516
11517
11519
6468
9639
11523
11525
7392
11528
11531
11537
12344
11538
11540
9705
11546
9060
11548
7129
11551
8484
11552
12477
11554
11620
11555
10914
11556
11557
8538
11565
9490
11567
11569
7385
11571
11574
11575
7937
11576
11581
13357
2049
11582
11584
11587
11588
7312
7348
11589
11596
11379
11597
11601
11605
13756
10966
1338
11606
8419
11607
11608
6074
11609
5689
8125
11612
11613
11614
11615
11616
11617
11622
11626
12386
11629
11631
13459
11637
11638
11643
11647
6464
11648
9380
11651
3138
11653
11654
11661
11669
11670
8305
11671
11679
11682
11683
11684
12280
11685
367
11686
8713
11689
13411
11690
12012
9441
11693
11698
10319
11699
11703
2300
11707
11712
2820
11715
End of traversal