Generated IDFFS Traversal of airport IDs: 
3364
3364
2938
2975
2937
2923
6383
8781
893
1678
2370
6388
3156
4374
6944
2910
6368
2927
4145
302
6427
951
6391
3024
6963
8826
2244
2983
6395
3199
6343
6352
9846
8876
6414
11051
6366
2934
3383
2223
3379
6350
6955
6392
3399
4189
3550
6390
6353
1665
2378
3376
340
2188
6411
6361
6434
3035
9844
1590
6397
4148
6394
6433
156
6344
6360
2287
3121
6008
3371
8417
6342
193
2988
1128
3377
351
6355
6430
3385
1555
3387
6345
3942
6376
6399
580
3494
1107
3885
6380
2985
3382
2372
6386
3205
3389
3373
4380
4078
4033
7503
8043
1229
4109
7898
9107
6351
3797
3395
3402
609
6403
3394
210
421
4330
3392
6772
3393
2264
3728
3372
1701
2179
4085
3374
2276
3239
3380
737
2908
3404
2922
3400
3577
6356
2397
6346
3406
507
3179
6413
3366
6954
3930
6349
3645
3391
4110
6743
3316
2359
6384
3375
3714
3275
3830
6428
3093
1524
6385
1382
813
3384
6357
1613
502
3992
6393
6379
3378
6348
4097
6381
346
3077
6400
6398
3388
6401
2279
9845
3369
5475
10160
2948
679
2384
3304
4120
6387
8630
345
3469
3370
4144
3386
3931
4302
6367
3484
3361
4030
2381
3390
4108
End of traversal